time_s,Va_pu,Vb_pu,Vc_pu,Ia_pu,Ib_pu,Ic_pu
5.98,-0.0001562701515077185,-0.8695834671776197,0.8685188937688934,-0.004761126647850737,-0.8674473212277974,0.8730464379730166
5.9801,0.030027910195322603,-0.8794987086721512,0.8495178685912183,0.026330048679919574,-0.8817899441676801,0.8570842645128516
5.9802,0.062485288504097694,-0.8971222411728622,0.8295630674705093,0.059075643169387626,-0.8988385826995519,0.8356827991344971
5.9803,0.09273587729880638,-0.9109181370558618,0.8151460929612024,0.0964051441297392,-0.9130559235769149,0.818620653146411
5.9803999999999995,0.12228953448230397,-0.9219846139946898,0.7970620400750551,0.13009319176412773,-0.9255078696536261,0.7968446493064347
5.980499999999999,0.155506586091387,-0.9341701689513321,0.775164092168233,0.16098222279310392,-0.9411193084211316,0.7845791142218008
5.980599999999999,0.1883257709169051,-0.9403224222694259,0.7576252169712716,0.18498153904880435,-0.9584641220338512,0.7602132895698788
5.980699999999999,0.21588401946272595,-0.9534378438471383,0.7344846211380501,0.2204686152972975,-0.959956390573389,0.7387791196431004
5.980799999999999,0.24887972372378475,-0.9649890630717826,0.7162506112597404,0.2384439226790959,-0.974446493014315,0.7197774120800388
5.980899999999998,0.27752198243483667,-0.9690644965866654,0.6896110221998901,0.2802099027331179,-0.9749061669267309,0.6932356031033416
5.980999999999998,0.3066730638287204,-0.9818037203490633,0.6646943901452103,0.3118051081131961,-0.9845357353920424,0.6721230403432892
5.981099999999998,0.3377307145666946,-0.9840186119791849,0.6444526826887341,0.3394522588199137,-0.9969237521027867,0.6424396800727851
5.981199999999998,0.36910470641491483,-0.9851413568204752,0.621781644565626,0.3759934187705513,-1.0009631899176556,0.6277090891872942
5.981299999999997,0.3938277153796017,-0.9907816112106359,0.5947171192563484,0.39313483809455274,-0.9974387148436429,0.5903726954233698
5.981399999999997,0.4277429837902808,-0.9962915332569059,0.5692220587233245,0.42998830384069414,-1.004142673033381,0.5669109259046666
5.981499999999997,0.45709623026985446,-0.9959051904613546,0.5412510651918758,0.45389784390914667,-0.9971687054749548,0.5484318889693405
5.981599999999997,0.4792538186679502,-0.9950375563012058,0.5195892769999801,0.4865207425229198,-1.0091611408864851,0.5199586063835145
5.9816999999999965,0.505614690202738,-0.9970005508338533,0.4905152651543096,0.5031029614842496,-1.0132550035348227,0.5030516785342287
5.981799999999996,0.5372659557451198,-0.9982479849625212,0.4645202472588951,0.5321119113338566,-1.0011287574436027,0.46423658466140205
5.981899999999996,0.5634379205443744,-0.9945997755046109,0.434106623662147,0.5667014875341958,-1.0085243311445917,0.43938906179091314
5.981999999999996,0.593047228394752,-0.9916382341223017,0.40431327178680826,0.5903095087250039,-0.9982926234882615,0.4148399880204576
5.9820999999999955,0.6170219126455546,-0.9877049575937861,0.3779610819463064,0.6237544130240943,-1.0072411252416076,0.3743179602461914
5.982199999999995,0.6404632966094201,-0.9821268191546898,0.3493420893673092,0.6381988444351914,-0.9815873975383385,0.34460354647362335
5.982299999999995,0.6628058109047192,-0.9792218685111929,0.31806320014366257,0.6662061856626165,-0.980858348400478,0.3270165286797514
5.982399999999995,0.6868167375646481,-0.9712949552052124,0.28938883810795946,0.6927712350648393,-0.976491196125324,0.29849726016512873
5.982499999999995,0.7115454718889723,-0.9607695220860404,0.2564450370460105,0.7118865148549338,-0.9794073622422447,0.2518452970942682
5.982599999999994,0.731199143953579,-0.9549163853939804,0.22533185026113797,0.7279583204584327,-0.9570535237448041,0.21905313650112582
5.982699999999994,0.7512076782019554,-0.9453097532394802,0.197073436663105,0.7580506420150306,-0.9507833620677135,0.18443400230050877
5.982799999999994,0.7750987963735922,-0.9310394441336319,0.16869634127173092,0.7657928474007399,-0.9337654236121483,0.17013872085677742
5.982899999999994,0.7904205367241851,-0.9276026634313786,0.13692491356330225,0.7933025316718612,-0.9281181317530692,0.13393372391015482
5.982999999999993,0.8083220727711415,-0.9140721643109744,0.11032654518564712,0.811250077750838,-0.9223297819487173,0.09367997245118424
5.983099999999993,0.8270261462662603,-0.8970250975120843,0.07299585811546931,0.8206865296186147,-0.9089921629147261,0.07528606710084348
5.983199999999993,0.8493335194421504,-0.8849438158524472,0.03935085913757122,0.8457735039968018,-0.8876865039410586,0.04065467316027732
5.983299999999993,0.8628620187830802,-0.8718800435369263,0.011912456043558318,0.864673471292248,-0.8711007739672042,0.003652359765702453
5.9833999999999925,0.8792805578256035,-0.856382716943654,-0.02182180925649472,0.8813252661747074,-0.8553764470268098,-0.030731073632578588
5.983499999999992,0.8929794566959313,-0.8393478242001047,-0.053380310402909435,0.8994363620645671,-0.8528118091992016,-0.06290858419674225
5.983599999999992,0.908586784859036,-0.8217127290295179,-0.0821007492164716,0.9136600287698433,-0.8344155220693419,-0.07464175305680107
5.983699999999992,0.9220670414593393,-0.8067626120016321,-0.11474186010147472,0.9190682464738092,-0.8076045337690096,-0.10954715110875142
5.983799999999992,0.929434956081506,-0.7816946189962286,-0.1430106663534187,0.9250011712404886,-0.7879236870355125,-0.14935370024688852
5.983899999999991,0.9407543994835591,-0.7622089525375224,-0.1774824674045942,0.945744809832975,-0.7593726108440371,-0.18168809257548366
5.983999999999991,0.9559387509209131,-0.7450723413198943,-0.20325986946288035,0.9473835584175108,-0.7404131744916748,-0.2100750749714361
5.984099999999991,0.9607103563207912,-0.7193699074504378,-0.2339207623787747,0.9658102513908389,-0.7293332943056193,-0.23715438547452664
5.984199999999991,0.9684851702224054,-0.7019960284186174,-0.26800634944496693,0.9707015807237729,-0.7057802276552132,-0.2651266736879042
5.98429999999999,0.9739320221265076,-0.6786634931835508,-0.2959190194854388,0.9806051335235465,-0.668501766992702,-0.2990452748525816
5.98439999999999,0.9827886094289796,-0.6514640138680962,-0.32815517983151193,0.9988443783299864,-0.6489971155800592,-0.3210298778834707
5.98449999999999,0.9840352727904983,-0.6324742204800848,-0.35602501396589603,0.9921420042481351,-0.6379837750987124,-0.35924865009232043
5.98459999999999,0.9939596409105476,-0.6075537740527257,-0.3886473746467343,1.0086483487961897,-0.605857690895182,-0.38926921936722764
5.9846999999999895,0.9916784125562786,-0.5817662569593097,-0.41436699730862475,1.0047806203355063,-0.5840566214593779,-0.4224179525302161
5.984799999999989,0.9980065854798716,-0.5534760001782242,-0.44101068872796034,1.0029486826002394,-0.5525141868432057,-0.4434122016237495
5.984899999999989,0.9979387217934657,-0.5283425449834734,-0.4723206484695997,1.0037651366600358,-0.536640437330752,-0.4669774995711198
5.984999999999989,0.9980011383120304,-0.4990377309975017,-0.5002747327122704,1.0077903508343196,-0.49487051636443785,-0.49987061567336294
5.9850999999999885,0.9978027523810296,-0.4770017236736109,-0.5247303774363477,1.0038205121046946,-0.4731253945466046,-0.5282567108014538
5.985199999999988,0.9983245067838263,-0.4445571084203905,-0.5519799153097495,1.0051730444998817,-0.4402350002594871,-0.5550056747021915
5.985299999999988,0.9988717317894678,-0.41929003688353234,-0.5797486457086933,1.0078833839619403,-0.422267862183904,-0.5773127496297533
5.985399999999988,0.9909453770998986,-0.39153379949786105,-0.6064708622729096,0.9898668809167797,-0.3880174906591734,-0.6115287466202672
5.985499999999988,0.9845360931889814,-0.3614005010476726,-0.6292373488704072,0.9875734359440789,-0.3727249492498941,-0.6238822740960522
5.985599999999987,0.9793672724202721,-0.33102621134803817,-0.6543744144862133,0.9908118024180577,-0.3288670838206186,-0.6556330051138876
5.985699999999987,0.9714022479518648,-0.29930606699458484,-0.6779671143757313,0.9820036889121169,-0.3056081638053269,-0.6708801087510249
5.985799999999987,0.968930013807495,-0.2731057429043698,-0.7028159177479423,0.9761880854862968,-0.2752311236902571,-0.7087243116292696
5.985899999999987,0.9584720812049222,-0.24125800588248153,-0.7220415401850525,0.9704207966064303,-0.24819998733903442,-0.7181056025791608
5.985999999999986,0.9481472107360394,-0.2123340151386546,-0.7458749901338235,0.9579744676119112,-0.21600961494498921,-0.7432382672912285
5.986099999999986,0.9382734952617341,-0.17660795592966025,-0.7661689488994655,0.9420422532553306,-0.17286761564992054,-0.756101871726796
5.986199999999986,0.930704488167074,-0.14653116631231772,-0.7840523483320977,0.937868543927797,-0.15222018399763465,-0.7902863799614913
5.986299999999986,0.9174042311945877,-0.11613025028686624,-0.8073111982502744,0.9136501282043504,-0.1154650337096543,-0.811586052230251
5.9863999999999855,0.9055357873642245,-0.0838063194502666,-0.8208363938652342,0.9101718655364539,-0.08025843249039244,-0.8211000606284723
5.986499999999985,0.8876359719053716,-0.04810768521445058,-0.8431406105609004,0.8993425943648621,-0.05223795174417716,-0.8404597711119992
5.986599999999985,0.8749070170300522,-0.02232357062260624,-0.8582764000732994,0.8793074618840327,-0.018959719432310264,-0.8636549856314948
5.986699999999985,0.8581208383943085,0.011319622092932104,-0.8721436787311379,0.855438288639854,0.005273653105462291,-0.8700905659136503
5.986799999999985,0.8396382454508705,0.042606534900641424,-0.8878292234195256,0.8539194147632818,0.03530854235782623,-0.8857521428988099
5.986899999999984,0.8271638969528708,0.0731937489176623,-0.9029117838595928,0.8146728129075227,0.06845034372339343,-0.9039002788665094
5.986999999999984,0.8083474414589034,0.10183357621453308,-0.9145985476496198,0.8101851869321056,0.09598974278365507,-0.9186739593245148
5.987099999999984,0.7899443339581842,0.1368703713346423,-0.9263561772189354,0.7903504485661978,0.13369614794016565,-0.9237849581925957
5.987199999999984,0.7675159751921483,0.16874499070704754,-0.9368861566122051,0.7696950624576047,0.16931398394472882,-0.9491806564518289
5.987299999999983,0.7498115637495857,0.1966019322580367,-0.9493686597949536,0.7594922520956385,0.19623779802136998,-0.9523575767442244
5.987399999999983,0.7286779301686502,0.22757059669196178,-0.958924548490102,0.7218024068345562,0.22468835226034792,-0.9715005419300954
5.987499999999983,0.7063492791263387,0.2579981891755326,-0.9669552417751007,0.7085383140723205,0.25232402053531333,-0.9715237478581426
5.987599999999983,0.6865213825213009,0.291171609105126,-0.9747908257098761,0.6785429734483782,0.2973413816434165,-0.9715956818783404
5.9876999999999825,0.665116357969615,0.3208255907868958,-0.9830088651769605,0.6602676060517407,0.3171200760949314,-0.9837669633259649
5.987799999999982,0.6400015652138447,0.3487532237954344,-0.9854533826009296,0.6407624878283247,0.36408687405827883,-0.990419517989182
5.987899999999982,0.6099972057932309,0.3799259191004678,-0.9910884110627048,0.6130228414154907,0.36928479383471435,-1.0028637542294276
5.987999999999982,0.5874573645188221,0.4065527353247947,-0.9966824573365128,0.5921036497268964,0.40286118819945305,-0.9942564828528949
5.9880999999999815,0.5627779462155541,0.43595459263259295,-0.997989266259223,0.5545640588032815,0.4315019352901234,-1.0122056937920927
5.988199999999981,0.5386270858199067,0.4658563572362921,-0.9998639273472163,0.5330528235623512,0.46559870437227163,-1.0091350883952006
5.988299999999981,0.5096317793084949,0.49144172424874755,-0.9965979070315836,0.5097709332988863,0.4940102611432791,-1.010882607258251
5.988399999999981,0.4830883537399697,0.5168474259543727,-0.9999532898138501,0.48799214029038307,0.5180009783191867,-1.0063690937112428
5.988499999999981,0.4567730221976153,0.5485730264504746,-0.9982825526974357,0.44904333952296877,0.5479149574257689,-1.0148677405788795
5.98859999999998,0.425540814822965,0.5701380865062685,-0.99901293322482,0.4185839860958041,0.5670886571541297,-1.0097569943648144
5.98869999999998,0.3974999230588928,0.5997732392823321,-0.9961363214066262,0.40352136667127175,0.6111010280222058,-1.001771627684653
5.98879999999998,0.3708467946185353,0.6239194193516223,-0.9894678359592026,0.36610719525603347,0.6253672359489851,-1.0046290098683857
5.98889999999998,0.33734322489862106,0.6482347626760243,-0.9818590061452067,0.3413646691020519,0.6516797364181767,-0.9860177095003008
5.9889999999999795,0.3053769214963346,0.6692567890145191,-0.9751597104146011,0.3172802365152417,0.6736523630000908,-0.981604535591233
5.989099999999979,0.2787175723263281,0.6952934454139322,-0.9700483034531864,0.28246923460350293,0.695757605196652,-0.9847145389794962
5.989199999999979,0.2516096130606757,0.7119308965732869,-0.9634180459098743,0.25279316375674205,0.7217136637849124,-0.9713138746113978
5.989299999999979,0.2201441614900921,0.7370314935658842,-0.9504547798305671,0.2195828972454363,0.7361774644969431,-0.9610869515736512
5.9893999999999785,0.18948951853446272,0.7588225616956085,-0.9448241084658882,0.18041515143300926,0.7628156111558987,-0.9423627205437015
5.989499999999978,0.1593807799647601,0.7805950984241506,-0.9345648839417932,0.15839439260788996,0.7811552953209117,-0.9386168013775756
5.989599999999978,0.12737418728193514,0.7954731621188494,-0.9203049108813204,0.13058010297713307,0.8072732560105899,-0.9160301656283927
5.989699999999978,0.09451337925951114,0.8144993452152629,-0.9095416771201185,0.0991525632054618,0.8298942725210613,-0.9214429166607702
5.989799999999978,0.06325251736710452,0.8334278603435579,-0.8946820064489831,0.07154629569180423,0.8330715405216303,-0.9034541761309531
5.989899999999977,0.030674150471846913,0.8506839965716833,-0.8762755207505399,0.029916904018354663,0.8635990059215531,-0.8863664964363092
5.989999999999977,-0.0007344274602508411,0.8678476673606428,-0.8670723370613731,0.0015843945660768471,0.8715916797135718,-0.8714005826265713
5.990099999999977,-0.033232801774791605,0.8819974284556094,-0.8468208438601413,-0.03034110472389267,0.8878445828993876,-0.8536851228760627
5.990199999999977,-0.05977956297953211,0.8936690092632816,-0.8324535622686211,-0.054571141781186425,0.9029791466065268,-0.8352014579527449
5.990299999999976,-0.09354113918770905,0.9064493876798029,-0.8112365653782779,-0.09526912436255297,0.911873756232139,-0.814935805865015
5.990399999999976,-0.1227805815205007,0.9187101493532285,-0.7946723346299366,-0.12565722730671655,0.9295775723467868,-0.7929398789199624
5.990499999999976,-0.1572687935239226,0.9312137628892612,-0.7760852549368035,-0.15333542614453152,0.930250872854323,-0.7802029274140603
5.990599999999976,-0.18977145716842897,0.9442639210504227,-0.7542885278931818,-0.18591195931702165,0.9545402868907025,-0.763431791219403
5.9906999999999755,-0.2151794463585021,0.9515293021299708,-0.7369927534564619,-0.21919927651484375,0.9546048477085851,-0.7323842007686912
5.990799999999975,-0.24606330535016266,0.9654317881705117,-0.714698070599169,-0.24765513225722333,0.9772288668731884,-0.707448895539249
5.990899999999975,-0.27938388985591056,0.9694362121284734,-0.6960042087160772,-0.27953084645324805,0.9797269971105318,-0.6973841623899901
5.990999999999975,-0.307363133197419,0.9810471404077765,-0.666381958822691,-0.31343502096545783,0.9912084102092165,-0.6746722337562768
5.991099999999975,-0.340145647594334,0.9848042560376054,-0.6487174890921514,-0.3262046547708369,0.987530040131411,-0.6519738575336016
5.991199999999974,-0.36709995864798056,0.9885619913101362,-0.6217298130834974,-0.3609387415358779,0.9942163834254262,-0.6209423487792364
5.991299999999974,-0.39729529668941044,0.9937384709442042,-0.5992812903498067,-0.39896169757669353,0.9906892501406042,-0.6006015451697302
5.991399999999974,-0.4288067029369482,0.9944036160848198,-0.571268623672849,-0.4227295956181274,0.9977775687878289,-0.5727308292937517
5.991499999999974,-0.45374218767699265,0.9968102554088714,-0.5471216173924863,-0.45578998403540083,1.0050235885355947,-0.5496198731609825
5.991599999999973,-0.48443871986046466,0.9960770603445297,-0.5164375113571321,-0.49289119087824756,1.0039306973622084,-0.5171525097282904
5.991699999999973,-0.5129765439855654,0.995591064162313,-0.4918895636331124,-0.506559135217187,1.0032840259491145,-0.4980986766722203
5.991799999999973,-0.5399683584343835,0.9983958974027104,-0.46310257658340165,-0.5350867398005282,0.9950549060270006,-0.4768575041659642
5.991899999999973,-0.563846103586666,0.9984320998585537,-0.43855484895441915,-0.5709844220529214,0.9993011291569931,-0.44030962876021446
5.9919999999999725,-0.5871454428715384,0.9965740534248303,-0.40860120156806146,-0.586447774849817,1.005796962527442,-0.4069275430137548
5.992099999999972,-0.6164948963480529,0.9873129525191009,-0.38210186398245416,-0.6186654398206914,0.986232545421962,-0.3809526588383262
5.992199999999972,-0.6396535970764112,0.9859411091315631,-0.3488477266250309,-0.6462006016863173,0.9799896664251263,-0.3446794128867745
5.992299999999972,-0.6631910370850846,0.9800268758302612,-0.31944988382606276,-0.6636075876399414,0.9826637967510282,-0.3184689353367247
5.9923999999999715,-0.6870055725937212,0.9704668735883678,-0.29126551160062564,-0.68864422461899,0.9716423305517752,-0.29076636748448875
5.992499999999971,-0.7085917771717303,0.9635468692995731,-0.2609799103916686,-0.7088847117124212,0.9663051179990142,-0.2609398379465894
5.992599999999971,-0.7301419665005348,0.958111872386527,-0.22656805978910755,-0.7218554845741803,0.9611667347534403,-0.23493729935919785
5.992699999999971,-0.7531947645409631,0.9475759817935895,-0.1981516012279708,-0.7592993788120308,0.9482211710262097,-0.20022349131343334
5.992799999999971,-0.7742623388218496,0.9361953984928649,-0.16660662138583862,-0.7722302538947468,0.940297384144394,-0.1677784185857812
5.99289999999997,-0.7946786025308298,0.9241124767897917,-0.13515481051322673,-0.7938815322129547,0.9314938135332879,-0.1375286025560325
5.99299999999997,-0.8117273199523112,0.9107507941574983,-0.10479993535359025,-0.8139888133580362,0.9149964804553469,-0.10863857153572053
5.99309999999997,-0.8272670073363734,0.8982295733187902,-0.07607593374665009,-0.8267084311532992,0.8988223734297606,-0.07574633208397362
5.99319999999997,-0.8448010691090834,0.8858598605754937,-0.045095193328959775,-0.8469238033344697,0.8846974415614173,-0.05260234157688523
5.993299999999969,-0.8618680639754535,0.8687941930429073,-0.00910290968923321,-0.8647485885757452,0.8753722808193234,-0.011754774301438668
5.993399999999969,-0.8792994790773271,0.8551391550713867,0.017808307575712876,-0.8823530223876922,0.8528762596292057,0.018536449783070695
5.993499999999969,-0.8929338417775078,0.8364298628316459,0.05383853536144438,-0.8952798671305683,0.8406687492604755,0.04800382323295464
5.993599999999969,-0.9049238976905319,0.8212234765860251,0.0826139710291788,-0.9161125841981634,0.8273632868918318,0.0869910145953646
5.9936999999999685,-0.919325458853196,0.8038163018820104,0.11133673617567891,-0.9160431326023156,0.8010376392111818,0.1144551085605264
5.993799999999968,-0.9288326736333529,0.7861398636211189,0.14258475346458668,-0.9418467808289509,0.7977126265372825,0.146340134927837
5.993899999999968,-0.9414780649828127,0.7667232175336677,0.17256046939092365,-0.9383469171549577,0.7700250225521417,0.1789731392470021
5.993999999999968,-0.9510298928872488,0.7441742522545937,0.20564987847555485,-0.963038226475737,0.7378863889174285,0.2106144120752621
5.994099999999968,-0.9563577116089934,0.724858207127174,0.2351364984940501,-0.9618496738280813,0.7238194681181436,0.2456770560513415
5.994199999999967,-0.966046245856768,0.7038179997842542,0.2714885996628248,-0.9698957782578795,0.7097009107073766,0.2712677614240934
5.994299999999967,-0.9789693329256997,0.6762900081522549,0.30076593244367295,-0.9805340718267922,0.6822699951278519,0.299982304440296
5.994399999999967,-0.9791343089131408,0.655132891770563,0.3281386441338584,-0.9739024484768878,0.65659502174025,0.33959335431008425
5.994499999999967,-0.9881705242122512,0.631039815640067,0.3618184532423682,-0.9900334557524062,0.631310721884018,0.3492334817275581
5.994599999999966,-0.9933448408082218,0.6059122838720893,0.3891930067547278,-0.9899485613431844,0.6146652949048796,0.382597100261439
5.994699999999966,-0.9913778923406564,0.5867992736915696,0.41797190239544474,-0.9922493826027555,0.5860976452101962,0.41123638758438286
5.994799999999966,-0.9960461810932114,0.555401417679279,0.4458655623846867,-1.0080732364875316,0.5566668420758316,0.4518439647671992
5.994899999999966,-0.9980588272791421,0.5272151035068352,0.4688662002474014,-1.0066244010510894,0.5347760702419685,0.4755244817852366
5.9949999999999655,-0.9971716069541622,0.5010235899219248,0.5022650177864593,-1.002287612197583,0.5012114049421296,0.4926118123271567
5.995099999999965,-0.9975520798953441,0.4719232685121592,0.5287899346725529,-1.0034338766087036,0.47544826039374655,0.521636320552038
5.995199999999965,-0.9985748259984669,0.44399998939405194,0.5555717430524716,-1.0061721474427059,0.4443203702890152,0.5496806478319869
5.995299999999965,-0.9949710012369796,0.4201023720742722,0.5812656457818532,-0.9980875618477768,0.42261212240366475,0.5849753570849479
5.9953999999999645,-0.9925747493952717,0.3878153346774543,0.6062076411043366,-0.9955830276056694,0.3871671863880099,0.6073425233094883
5.995499999999964,-0.9837663727158548,0.36057683049100714,0.6323843418468325,-0.9907507880820674,0.36591735139463416,0.6305761113071884
5.995599999999964,-0.9820524668329146,0.33083329378510595,0.6519024125056602,-0.9835813629325084,0.3245441721287248,0.6544359795357356
5.995699999999964,-0.973812474500335,0.29363613888588236,0.676024980472896,-0.9799709885975512,0.29251434021103256,0.6826546369079028
5.995799999999964,-0.9644913009438383,0.2672638125772458,0.7018641445331874,-0.9714261942858955,0.27377202407519935,0.7010192609420686
5.995899999999963,-0.9585337267996992,0.239243791616314,0.7219892446905577,-0.964962341139524,0.24201348117839686,0.7349152758675693
5.995999999999963,-0.9498020395875807,0.21060853904417415,0.7429810675523358,-0.955115840109517,0.2060479014824964,0.7440525429239427
5.996099999999963,-0.943515406417091,0.17703181325322245,0.7676007216006585,-0.9425171182784374,0.17989615678585769,0.7594093898373844
5.996199999999963,-0.9258728651510506,0.1477021091560703,0.7852260368637121,-0.9347469867907404,0.14310096617536516,0.7935485851385603
5.996299999999962,-0.9188598839071241,0.11105897838427214,0.8032287862607694,-0.9209057522247375,0.11435458499011263,0.8036739651490746
5.996399999999962,-0.9043820759181539,0.08504417639841523,0.8215752940783335,-0.9100943234707084,0.08230674508782201,0.8309854774629167
5.996499999999962,-0.8922096712990715,0.04990119761290206,0.8396628861163029,-0.8943884534074901,0.0541070455268121,0.8439449649783157
5.996599999999962,-0.872590237905133,0.018616339413761885,0.8553995091380069,-0.8709665213381714,0.019489167107917236,0.869908293961165
5.9966999999999615,-0.8664750045571393,-0.009399328374516404,0.8739224026966242,-0.8615942443255962,-0.007972679068306225,0.8711814469257102
5.996799999999961,-0.8479776532338646,-0.04320892622630407,0.8883315492487484,-0.8487902334500204,-0.049598280208858085,0.8823093449419104
5.996899999999961,-0.827482574831905,-0.0762381148634376,0.8996696355594992,-0.8268096659107009,-0.0683282079435312,0.9001660220844414
5.996999999999961,-0.8128995986497884,-0.10893668450953901,0.9170217040599797,-0.8110481258264259,-0.11030284993809616,0.9179134876825721
5.997099999999961,-0.7912477312361424,-0.13794582952746798,0.9297347301816155,-0.7966880642623363,-0.13605195418805904,0.9267507908475805
5.99719999999996,-0.771309443810428,-0.16893955902021704,0.9367966370421508,-0.7666048332357464,-0.15989525419183573,0.9516169897268959
5.99729999999996,-0.7542707542837868,-0.19988920409167818,0.9492931013389215,-0.7540062467576621,-0.20216106074393875,0.9585511847074644
5.99739999999996,-0.7296124432721273,-0.22508169832425498,0.9550376269556077,-0.7390484139827973,-0.22121649206021948,0.954351452075844
5.99749999999996,-0.7072649586842381,-0.26075202419255705,0.9671909074478068,-0.7189908421828067,-0.26152484630902445,0.97145540809204
5.997599999999959,-0.6870117698299822,-0.2917745412846454,0.9727790639597,-0.677935607356513,-0.297490342553953,0.9831302260401772
5.997699999999959,-0.6623968359952049,-0.32296684997274205,0.9800935738805666,-0.6624395871601616,-0.3197415229397191,0.9849804934762271
5.997799999999959,-0.6387072154857462,-0.3502801592413737,0.9811949788550348,-0.634883052366122,-0.35820876898182,0.9942782343523862
5.997899999999959,-0.6126774058436216,-0.3774804034868835,0.990810438449079,-0.6296843953018755,-0.3950472484460874,0.996908910998931
5.9979999999999585,-0.5877127284375242,-0.41000676102457917,0.9946871529446902,-0.5945982375181162,-0.4155536615446186,0.9895712545117162
5.998099999999958,-0.5626950518521695,-0.4374352529816061,0.9926228146128078,-0.5749564155860319,-0.4445383342614214,0.9932847472051379
5.998199999999958,-0.5377193238862252,-0.4651953239095598,1.0007474595431254,-0.5440038842718258,-0.47170642349011815,1.0006204703644563
5.998299999999958,-0.5129560702107615,-0.49341133812428295,0.9994520596266685,-0.5119616723783362,-0.48637655066317076,0.9983859260134395
5.9983999999999575,-0.47972729207397014,-0.5154617702320459,0.9984143275719624,-0.48013100713054235,-0.5195334903432164,1.0062649688810053
5.998499999999957,-0.4568824848019597,-0.5465089427981862,0.9993935290076064,-0.4538885162194801,-0.5512369642764156,1.0094357235641862
5.998599999999957,-0.4291932122137677,-0.5695215290399206,0.9947732560413455,-0.4223137700012497,-0.5884384696754327,1.0004557949715212
5.998699999999957,-0.3980092418908863,-0.5947168801146819,0.9913183430857705,-0.3979379598818998,-0.5953436069828937,0.9992858697182239
5.998799999999957,-0.37069323005461413,-0.6220071066608286,0.9908870507834211,-0.3647513034609673,-0.6292521245029785,0.9932591995960803
5.998899999999956,-0.34218810575500286,-0.646018223837995,0.9813204087143578,-0.34027860804275895,-0.6549338478510225,0.9737412016527046
5.998999999999956,-0.3082277221545899,-0.6699978748892327,0.9767777050200825,-0.31226089989163786,-0.6747598563308796,0.9809378536258383
5.999099999999956,-0.2803976715724753,-0.6908052787606466,0.9679191688368511,-0.2802482462877983,-0.6927383267397548,0.9693481808520059
5.999199999999956,-0.24717014934536885,-0.7114294845576529,0.9619658204660047,-0.2533833817074712,-0.7142999713303759,0.9592233875746207
5.9992999999999554,-0.15247315623172403,-0.5145444938995907,0.7404729820508004,-0.23416530584480708,-0.7542552978157676,0.9625515426150619
5.999399999999955,-0.13345843519516914,-0.5354871020239532,0.7347788983905286,-0.22201558458367554,-0.7852048724196018,0.9645122944038517
5.999499999999955,-0.10892594461098486,-0.547668994261322,0.7281476515071018,-0.19060503072317586,-0.804891347162947,0.9638388805847409
5.999599999999955,-0.0878478796779256,-0.5659222842816212,0.7217749240271599,-0.16936358983268643,-0.8396555946819949,0.9529021063305139
5.9996999999999545,-0.07008465465238589,-0.5831159132404995,0.7121658858566141,-0.1422981397044726,-0.8674531729972382,0.9451524115313092
5.999799999999954,-0.048061454295801394,-0.5941153823790537,0.7008149999644584,-0.114534946938996,-0.8845075434320002,0.9346937935333529
5.999899999999954,-0.024799160025920274,-0.6112615680245095,0.6947972042704013,-0.0926455019272979,-0.9162944299048296,0.9303066754582955
5.999999999999954,0.00048402851391166995,-0.6230010466477455,0.6831702205280479,-0.059828351658237945,-0.9262926519935923,0.9156964273089081
6.000099999999954,0.02475168613141946,-0.6347558503972868,0.6717346536713832,0.10791533357335595,-0.9421226225251652,0.9008595348727814
6.000199999999953,0.0453785991319708,-0.6447611680243841,0.6605636017366195,0.13942190540236504,-0.9628367614192735,0.8902993120202517
6.000299999999953,0.06906625248249583,-0.6562974513383136,0.6496476680153609,0.1699307787329844,-0.9780944375344045,0.873222825472247
6.000399999999953,0.09392706332317813,-0.6696868522109746,0.6329457986266663,0.20679478208186555,-1.0055579934810783,0.8497690304316508
6.000499999999953,0.11357210950737098,-0.6833166581894431,0.6185959214945145,0.23207026977176357,-1.0078581982491859,0.8369411690110268
6.000599999999952,0.13959094527366597,-0.6918080202435147,0.608701621411253,0.26711746538163667,-1.0208196081592114,0.8247077278298016
6.000699999999952,0.16010844834546348,-0.6990813864636761,0.5922372642137198,0.29860619372046077,-1.0468537474301867,0.8018021121529142
6.000799999999952,0.18488800187025936,-0.7056401543767312,0.5741631181642926,0.33056627361049756,-1.0480971048141858,0.7753599478969355
6.000899999999952,0.20565564861922392,-0.717023217718901,0.5584044771542088,0.36161524491924407,-1.0564091014331838,0.7599866540736301
6.0009999999999515,0.23091416993556288,-0.723597600932018,0.5397090844685433,0.38756432780180633,-1.0630252954813373,0.7294920837897727
6.001099999999951,0.2525017591079045,-0.7301586057669782,0.5229704328047614,0.4219269682549082,-1.0639888545863456,0.7029450004401081
6.001199999999951,0.27832774021240514,-0.736501368612948,0.5051814891926061,0.4485713964157575,-1.0749813822570369,0.6891771154114725
6.001299999999951,0.3028505492282139,-0.7422959800243675,0.481752560609863,0.4859386586046587,-1.0780856652695179,0.6599662433986172
6.0013999999999506,0.31706915615831016,-0.7491582354468033,0.4606675155062033,0.5028603684931234,-1.0726341612762986,0.6349852574497435
6.00149999999995,0.3413982754793588,-0.7505279407318726,0.44271774389332136,0.5297641386084058,-1.0765923647880329,0.6103869284440235
6.00159999999995,0.3618065209612755,-0.7538865876889939,0.42275991744026387,0.5600971595225551,-1.0850825639128585,0.5788148445917556
6.00169999999995,0.384161050322226,-0.7524272079074903,0.4031145681514898,0.5941977640717859,-1.0814464976273095,0.5590134374239656
6.00179999999995,0.4044605088191389,-0.7527994878293356,0.37776581039811763,0.6182046519167881,-1.0758984632911137,0.5366673940662771
6.001899999999949,0.42755460981052085,-0.7568329496739367,0.36077604223355547,0.6382497130611312,-1.0755607198370343,0.4906992322735708
6.001999999999949,0.44950342196964177,-0.7593184215758938,0.33324504755038625,0.6677461413897595,-1.0846326260604597,0.47128077343819064
6.002099999999949,0.47171136935131297,-0.7564698406549288,0.3151575038894647,0.6815130687829899,-1.0663020481188263,0.42945322008228226
6.002199999999949,0.49274413555427127,-0.7535374031215697,0.28772441533494186,0.7169500652489404,-1.0607594812059045,0.4062519859394871
6.0022999999999485,0.5073119516963965,-0.752953038958021,0.2677864921332638,0.7360648026822213,-1.0532375177115036,0.3763917263077058
6.002399999999948,0.5265119042664564,-0.7518901817004161,0.24060837344930333,0.76096985988665,-1.0470272325841397,0.3385678278937249
6.002499999999948,0.5478169664637926,-0.7470123957622057,0.2147048526690651,0.7836411616731748,-1.0438931926795694,0.3113624861521739
6.002599999999948,0.5612533228160929,-0.7436410527726699,0.19059582010063367,0.8083506283480842,-1.0297682667830075,0.27954590402548585
6.0026999999999475,0.5842159049865768,-0.7332987321884197,0.16885757979714228,0.818366529738772,-1.0239378226614657,0.25845177860464474
6.002799999999947,0.6020798348831402,-0.727052632288592,0.1387634250701237,0.8511185088717085,-1.0111753585164522,0.21902349667740645
6.002899999999947,0.614146259293405,-0.7212230625684491,0.11626178352917149,0.8540941274333695,-0.9961122179848436,0.19293345094898343
6.002999999999947,0.6287519085428199,-0.7152768786905299,0.09164432674001258,0.8732846220528534,-0.9863948942747095,0.1538259899256408
6.003099999999947,0.6476967874696083,-0.7043607454206208,0.05924459734651846,0.8939960729949321,-0.9740840088655279,0.11377453899957116
6.003199999999946,0.6622839913505977,-0.6941771059201276,0.03769298087518584,0.8995219468454566,-0.9499055529560049,0.09717202360123454
6.003299999999946,0.677398247182384,-0.68308612391522,0.009471931510823197,0.9234897897076831,-0.9334770428887433,0.0500888765503733
6.003399999999946,0.6901942721986936,-0.6745855008571809,-0.02003949117358298,0.9484717145458327,-0.9179081972952922,-0.06878350719574004
6.003499999999946,0.7033193360974832,-0.6637388107486729,-0.04388296915148529,0.9532051283660795,-0.8956065552301129,-0.08784639646776972
6.003599999999945,0.7147563029481828,-0.6499401395377192,-0.06912807209611782,0.9609311894499594,-0.8796308301302497,-0.12919710455482356
6.003699999999945,0.7294991134511775,-0.6376529196164539,-0.09641712211719455,0.9671067750482473,-0.8590084124991606,-0.15551302994670418
6.003799999999945,0.7393315332484789,-0.6236665757952521,-0.12436362270268952,1.003234134356631,-0.8389961001154126,-0.186013543474876
6.003899999999945,0.7455463034258001,-0.610202060073715,-0.15107885008052216,1.0067181789038913,-0.8210883870094521,-0.21745646866655569
6.0039999999999445,0.7556986949091918,-0.6009287656797874,-0.172673523491507,1.0081244746666218,-0.7973456026077305,-0.2500024594901609
6.004099999999944,0.7645869852903479,-0.5800361965292888,-0.2020177442785867,1.0129426192268065,-0.7798006422796646,-0.28127089053661825
6.004199999999944,0.7741585026551909,-0.5624286687937822,-0.23132413380537803,1.0218512904896246,-0.759089492299914,-0.3043699724311218
6.004299999999944,0.7828473873714002,-0.5441786647122399,-0.25717141447470837,1.0290681033877795,-0.7379380075637977,-0.3382085808805635
6.004399999999944,0.7895142496907199,-0.5259674043660553,-0.283643644409641,1.0356670527746135,-0.7059417710831973,-0.37089866427764295
6.004499999999943,0.795840260649637,-0.5075680204959143,-0.31007939506356064,1.045536900827247,-0.6895143504111193,-0.39153344092601633
6.004599999999943,0.8007407744938022,-0.49149254284081423,-0.3338000701874003,1.0559531500847088,-0.6551022305708275,-0.42874829899518657
6.004699999999943,0.8048132059449367,-0.46973888331996133,-0.35936063625371223,1.0400453161473673,-0.6323081037718628,-0.4508207145181238
6.004799999999943,0.809551324849928,-0.4447557555241682,-0.38627413619637296,1.0519192853673407,-0.604839879465068,-0.48263538292565195
6.004899999999942,0.8112383609697827,-0.4302032584572109,-0.4086082628628265,1.042250444420824,-0.5693231640828454,-0.5070118538497119
6.004999999999942,0.8115694894284188,-0.40740172132189356,-0.43539220666095685,1.057374462836475,-0.54630537360124,-0.5438304031641654
6.005099999999942,0.8106961773219173,-0.3867434095995949,-0.4583893124667714,1.0518390021367157,-0.5078844960231546,-0.5564064127631498
6.005199999999942,0.8170847560711518,-0.36188568945721417,-0.478345483062568,1.041678737649177,-0.4852510321223979,-0.5876162364558811
6.0052999999999415,0.8153573581687615,-0.34135638467594964,-0.5009794888748881,1.037954836516101,-0.4529108189359773,-0.6210074629207679
6.005399999999941,0.8143844840094081,-0.3221906638026518,-0.5222360749479268,1.0348179255056675,-0.4260965857320094,-0.6422431388345112
6.005499999999941,0.811277260132806,-0.2915978010742212,-0.5467336270351201,1.033829730248883,-0.4038853040851308,-0.660072598821294
6.005599999999941,0.8093302316684133,-0.2711712778268085,-0.5667645701606452,1.0335777164860953,-0.3713936196575176,-0.6969413013841811
6.0056999999999405,0.8008653747528881,-0.24619637282506607,-0.5887357583311915,1.0263838283625648,-0.34342473160701315,-0.7089642830269437
6.00579999999994,0.8019587911050697,-0.22094026639967299,-0.6096284616086605,1.0179848671734015,-0.3022843662131724,-0.72383192886282
6.00589999999994,0.7978039461682316,-0.19622926911478153,-0.626906902798317,1.001943242332749,-0.27439650994081766,-0.7588525381918316
6.00599999999994,0.7914033934397352,-0.17054138763090582,-0.6465027923018226,0.9953445707086329,-0.2443747964784029,-0.776174057964937
6.00609999999994,0.7777490443569717,-0.14507662582273848,-0.6670446175224278,0.9792805767489902,-0.2198619638573748,-0.7922534396019977
6.006199999999939,0.7710099899613619,-0.12007577726905017,-0.6841765424499248,0.9630844373591586,-0.18126981757719246,-0.8130499995337847
6.006299999999939,0.7667113788264891,-0.09184042135219073,-0.7047884551366043,0.9555478447718214,-0.1450798499988677,-0.8370282445947628
6.006399999999939,0.7578249352991094,-0.06634250197753191,-0.7186531795696133,0.9439752099666618,-0.11902208033965914,-0.8509590345868917
6.006499999999939,0.7444589541576385,-0.04465041755448768,-0.7375115734673517,0.9292891352804613,-0.07807715324873961,-0.8628334016168019
6.006599999999938,0.7372963713423399,-0.018410059907399128,-0.7517639182193099,0.9070055902866871,-0.05066296910631865,-0.8860142120432347
6.006699999999938,0.7229179410422871,0.010185309099436927,-0.7663042150638054,0.8997090359805477,0.04213629501251135,-0.8987566838013926
6.006799999999938,0.7079525251546911,0.03845176631312924,-0.7806341987900389,0.8817304790690962,0.07222112529364508,-0.9074132438273468
6.006899999999938,0.6991147379699321,0.06301920164198792,-0.7942221782983673,0.872942128244259,0.11030672030423891,-0.9271896228122396
6.0069999999999375,0.6831220944382909,0.08954028230786094,-0.8069946850894996,0.8426826283866994,0.13214506343866053,-0.9383397169334178
6.007099999999937,0.6706247030498393,0.12013218375378995,-0.8191400349366882,0.8224829083622375,0.16846468526789932,-0.9563774963327265
6.007199999999937,0.6527717969296895,0.13944330825174964,-0.8258285222998278,0.8017979615203911,0.19615349597521187,-0.9622928333752312
6.007299999999937,0.637404175634824,0.1702837554169765,-0.8402094272259674,0.7878443875346189,0.22367984533065333,-0.9781101507497644
6.007399999999937,0.621001144026824,0.19304609209127377,-0.8512980243951253,0.7584246611881957,0.25506277964304014,-0.9877143081416719
6.007499999999936,0.601711921422041,0.22428695778525623,-0.8553841797709894,0.746344632714994,0.2830148441687941,-0.9906420520976719
6.007599999999936,0.5818024448197187,0.2491555699969647,-0.8617349550325012,0.7151156840031896,0.3182628361054446,-1.0001642525744694
6.007699999999936,0.5624251921678117,0.27504451035763217,-0.8672948772440144,0.6945253426985952,0.34154937193211277,-1.0026024794949713
6.007799999999936,0.5484695200003905,0.29989303191045835,-0.8761047756892703,0.6697290395233738,0.3731124662150142,-1.0082211869822748
6.007899999999935,0.5266685449156975,0.3253051719365644,-0.8816516562101419,0.6388502333085709,0.4056150721288513,-1.014508018712919
6.007999999999935,0.5036089944400983,0.34732904494850075,-0.8898369560809531,0.6085960618220352,0.4350377235080863,-1.014411140465887
6.008099999999935,0.4858199653188556,0.37414585234243014,-0.8893892350450062,0.586837345555258,0.46028017122309584,-1.0173365200474243
6.008199999999935,0.4604552481054323,0.401023851571925,-0.8937980604539151,0.5590496518333108,0.4893171297379859,-1.027605205758299
6.0082999999999345,0.44338728440351466,0.42319790682441555,-0.8974598739180616,0.5352818158327715,0.5210131496917259,-1.0196099064328052
6.008399999999934,0.4150233787708972,0.4462237476638163,-0.8948067434137621,0.5061011949603157,0.5483404493439251,-1.0202210188342944
6.008499999999934,0.3934513316253296,0.46806600679920335,-0.8937096502885442,0.4730003401230598,0.5633597633432699,-1.0223724606107318
6.008599999999934,0.36721197174644377,0.4938581312935529,-0.8955101222686527,0.4460898299984853,0.6024257765053699,-1.0120116687508325
6.0086999999999335,0.3443536931200343,0.5144901110107778,-0.8884385381017463,0.41919239162959215,0.6147983945835109,-1.0039162151394279
6.008799999999933,0.31751622228129406,0.5380486052246675,-0.8871906868960975,0.388038912565271,0.630657106502414,-1.0030331740487795
6.008899999999933,0.29427928111148627,0.5610451839423173,-0.8819191805786033,0.36481130092162894,0.6698012937473105,-0.9970545380311255
6.008999999999933,0.2678196978113724,0.5782744332653452,-0.8803597187455688,0.3240764203092045,0.693686489582242,-0.9876467492277081
6.009099999999933,0.2410994264774219,0.6000885714309948,-0.8754227116902239,0.2980085832249208,0.7109144465078224,-0.9915671563411844
6.009199999999932,0.21743893085842578,0.6208256207858008,-0.8679967919983537,0.2726050312757757,0.7348173199942514,-0.985644152835235
6.009299999999932,0.1877018841250223,0.6372224092986642,-0.859996486215638,0.2346979554338158,0.7605691443757299,-0.9692048763133597
6.009399999999932,0.16384506550138145,0.6579688597914338,-0.8492905663163135,0.1967236623908467,0.7771196542029322,-0.9567722018913567
6.009499999999932,0.1373383728967939,0.6753773293770683,-0.8456018085917402,0.1815872405007824,0.79913301581864,-0.9466952982549315
6.009599999999931,0.10826193597664978,0.6981327092668834,-0.8321026148842566,0.13941448730517478,0.8059911882568145,-0.9427161916655995
6.009699999999931,0.08148307445868766,0.7099628730449887,-0.822954141888359,0.10206312613038321,0.8380586148871795,-0.9371979185388867
6.009799999999931,0.056161775986166645,0.7261563296715147,-0.8080035095742524,0.07613750678817337,0.8546651400162113,-0.9152852485438759
6.009899999999931,0.029683091536640855,0.7450870743229058,-0.7991007605900208,0.04434300264695062,0.8644978390855756,-0.8969555702022162
6.0099999999999305,-0.002708224970545323,0.7580781752464528,-0.7870245683817423,0.014762231381514768,0.8911962953726236,-0.8711422907421673
6.01009999999993,-0.029027603201230594,0.7712912607467446,-0.7742362853605103,-0.05641580930244671,0.8976094014812015,-0.8796036314586009
6.01019999999993,-0.05271772034944897,0.7868718074059678,-0.7572964314288276,-0.08632195311936916,0.9241420515631202,-0.8521160599041061
6.01029999999993,-0.08529693505485743,0.8032179754744626,-0.7394893480313247,-0.11226050781597126,0.9381551426235764,-0.83103966023702
6.01039999999993,-0.11095326195472711,0.8138884376341996,-0.7225079520386676,-0.14603709274497406,0.9426331163308695,-0.8142487951747613
6.010499999999929,-0.13844618619075164,0.8232477641688233,-0.710215628075436,-0.17750673157967628,0.9566656957871936,-0.7896967378085397
6.010599999999929,-0.16688498890909645,0.8320334808876232,-0.6909157014199553,-0.20375289041377456,0.9659460628622593,-0.7820469698802871
6.010699999999929,-0.19426837521978946,0.8406575080914238,-0.6775419066359284,-0.23343501005171036,0.9749242628735392,-0.7634471739399757
6.010799999999929,-0.22205850953754783,0.8499562413633537,-0.6520053110920024,-0.2619553318437163,0.9844750648497589,-0.7318452855295399
6.010899999999928,-0.24867188649126487,0.8593340151254342,-0.6350579392834129,-0.3000474479155463,0.9822927487071456,-0.7081501178107561
6.010999999999928,-0.27724952270849823,0.8682281791778853,-0.6136182069683838,-0.3151710639861279,0.9948200389112536,-0.6808899570479287
6.011099999999928,-0.3044520880672849,0.875847014360689,-0.5966757189914839,-0.34832883194234443,1.0014326872835122,-0.6568269847258433
6.011199999999928,-0.32771559933298583,0.8796073708213165,-0.5695668711830054,-0.38248221984417086,1.0092882698270405,-0.6413132673840795
6.0112999999999275,-0.35418656824055184,0.8844132494957228,-0.5463934362457993,-0.41372660039648423,1.0160606580699052,-0.6149681845480836
6.011399999999927,-0.3830925653606087,0.8877161023678294,-0.524551430124947,-0.4363955013195298,1.0050481227975785,-0.5847165642440767
6.011499999999927,-0.40800352248241223,0.8899471600182116,-0.5017627718078046,-0.46414304984214505,1.0108835002801606,-0.5619127435067612
6.011599999999927,-0.42966691818723757,0.8892638811980209,-0.4728847020996653,-0.5021941625134716,1.0149611430044096,-0.5310638711207136
6.0116999999999265,-0.456081788610638,0.8927111668097826,-0.4560426103353719,-0.5242156610687323,1.0139672993235587,-0.4978310205069171
6.011799999999926,-0.4795413403352964,0.8945450432308197,-0.42574913094520894,-0.5441600185808628,1.0166710331688715,-0.47355083900452505
6.011899999999926,-0.5052429888302323,0.8958261456747492,-0.40585173672385605,-0.5723866353028506,1.0169588461168788,-0.44541271839838587
6.011999999999926,-0.5252675075585975,0.8888826414588379,-0.3744384779871953,-0.6045832910249875,1.0060106367602197,-0.4161242120493862
6.012099999999926,-0.548986641458342,0.8871099693323152,-0.3497267912066693,-0.6251261117707148,1.0103406152811123,-0.39208366457032484
6.012199999999925,-0.5718356435035564,0.8899078445075651,-0.3212064743250962,-0.6541866841625946,1.0012686030077131,-0.3633370370065307
6.012299999999925,-0.5970651819127114,0.8812173603410681,-0.29579692986450884,-0.680584648912432,0.9890934837090855,-0.33027656420896284
6.012399999999925,-0.6177024544977125,0.8779148137808882,-0.268891447321901,-0.6960321110662255,0.9900373801024436,-0.29671460811514544
6.012499999999925,-0.6363949398657265,0.8727942420290826,-0.24160713847640033,-0.7085284689108294,0.9756407017947393,-0.2634038582248047
6.0125999999999244,-0.6583098494379229,0.8630128767616912,-0.2099799989575912,-0.7375675186032055,0.9752455954104685,-0.23428240475023435
6.012699999999924,-0.6762869216176394,0.8571775233782039,-0.17997712813106234,-0.7577728578541482,0.9604241550408078,-0.2087269041682163
6.012799999999924,-0.6933747732556477,0.8478525314245091,-0.15260445332257316,-0.7783068851856888,0.9456026973450948,-0.1767949923323149
6.012899999999924,-0.7125438211930635,0.837699166598812,-0.12625690868011882,-0.7972060217815319,0.930395557631622,-0.1402515570367332
6.0129999999999235,-0.7331274408304106,0.8248936030512517,-0.09765640692081748,-0.8172382218280281,0.9309098171856532,-0.10621624321722375
6.013099999999923,-0.7507147039480008,0.8200163362750417,-0.06858363357023203,-0.8431539047955662,0.9155258262880538,-0.07425949182232122
6.013199999999923,-0.7655944748335015,0.8077008931093752,-0.040439685109194844,-0.8644346752936813,0.8945910237667776,-0.043923829586288814
6.013299999999923,-0.7792742369101457,0.7893820403363888,-0.010236630017520237,-0.8733488503853658,0.8830887952169658,-0.00869202536422035
6.013399999999923,-0.7976852456963079,0.7768514442264072,0.017732042215814425,-0.8871192708532876,0.8702955107317513,0.035401005097261115
6.013499999999922,-0.8072701101389889,0.7655289926056422,0.04663990499520302,-0.9056769836316287,0.8516429739005684,0.06245810742915182
6.013599999999922,-0.8183809634234095,0.7499580042203988,0.07768209895559756,-0.9132026314238427,0.8341233021549755,0.09281445706492404
6.013699999999922,-0.8346645658139776,0.7304487984260468,0.1054531801908561,-0.9283385942899932,0.8154392589108962,0.12351147884432477
6.013799999999922,-0.8483596166556292,0.715783111735291,0.13899610179247412,-0.9369760496116859,0.7902275341034336,0.14979462160689302
6.013899999999921,-0.8584241922097551,0.6970530092086732,0.16741843313360508,-0.9502667926078501,0.7800058151685447,0.17872406762676943
6.013999999999921,-0.8668576493494192,0.6812472557387864,0.19501416714245015,-0.9604101955993894,0.7577701495352289,0.2214057169697732
6.014099999999921,-0.8774890306926255,0.6614943759342753,0.22283488004274582,-0.9678421683575628,0.729542379869355,0.2491961872404037
6.014199999999921,-0.8878981709076701,0.6428235233482397,0.25800765466970643,-0.9772978037918659,0.7071845093713811,0.28994515036270746
6.0142999999999205,-0.8911136435001588,0.6176960939723597,0.2828281599908805,-0.9896747946826744,0.6852574473526625,0.3084207557191444
6.01439999999992,-0.900643458734892,0.5969265651345077,0.30847308292564857,-0.994984545778897,0.6611391812029227,0.33257496920868473
6.01449999999992,-0.9071622236485636,0.5785781051788363,0.33750361737788814,-0.988101993285656,0.639624566275844,0.36721922544050667
6.01459999999992,-0.9064465612311868,0.5562519954253639,0.36304816994179817,-1.0052828548085753,0.604881750588807,0.3931318226447103
6.0146999999999196,-0.9128633001665375,0.5349326273549653,0.3920145824715203,-1.0118986067745626,0.588368963617458,0.43102126510215694
6.014799999999919,-0.9145525087314327,0.5071605909233903,0.41965851319172615,-1.0096340820966625,0.5596168516763649,0.45048451673873013
6.014899999999919,-0.9186717261472022,0.48341518456207555,0.4461150139858308,-1.0169490454329717,0.5302804530321883,0.47937892786046843
6.014999999999919,-0.9211418915535073,0.4601947503480373,0.4707668353405206,-1.0176211904406927,0.511875777204301,0.5045526186842821
6.015099999999919,-0.919797467639382,0.4361131084034723,0.49679896461823475,-1.0138831097187537,0.48935258908194074,0.5394838715068097
6.015199999999918,-0.9187991153081669,0.41107525467674166,0.521088858461181,-1.0081717881558363,0.45408371901450467,0.5543068793722928
6.015299999999918,-0.9188704349555127,0.3863835700388475,0.5454027207915668,-1.0064979870567556,0.41739950168764567,0.5866029104254948
6.015399999999918,-0.9145531321298314,0.35798565236443325,0.5663005382846119,-1.00750894780967,0.3913430433900075,0.6134826615702303
6.015499999999918,-0.9103454481419847,0.3324196745924142,0.5977495043444567,-1.0025535000957597,0.36387961655564854,0.631748997239267
6.0155999999999175,-0.9045322913799058,0.3043589183222341,0.6161255381179527,-0.9992354860171561,0.33344294782129225,0.6664936846077686
6.015699999999917,-0.9015718371011355,0.2757283549342959,0.6418007870423547,-0.9828471411859829,0.30155110020418985,0.6828487707852575
6.015799999999917,-0.8958029275780022,0.2455935499604768,0.6575992063297917,-0.9758991760485709,0.2700133247606853,0.700555168128232
6.015899999999917,-0.8884723223732003,0.2188484485383468,0.6803334551903967,-0.9698467604716755,0.24682144413090584,0.7202113035118297
6.0159999999999165,-0.8819696709888645,0.190490865749608,0.7008330954325293,-0.9630159053565854,0.20979856302691402,0.7355677242486376
6.016099999999916,-0.873267875266767,0.1650086597178152,0.7238053614642311,-0.9577033644364628,0.19045343195476128,0.7654578237682174
6.016199999999916,-0.8674878271647978,0.13110533569573524,0.7373471651248727,-0.9425000428425668,0.14917882840949867,0.7860908432324981
6.016299999999916,-0.8519623854890693,0.10864305366093266,0.7628125406732084,-0.9259114316538818,0.11454274036850466,0.8069765574571234
6.016399999999916,-0.84141278510058,0.07857115103304821,0.7760752469344309,-0.9120681672014698,0.09517459555215038,0.8248874892848196
6.016499999999915,-0.8294906070495999,0.04547756014368085,0.7899469839837957,-0.8988132042768302,0.061959502881897,0.8446900401346145
6.016599999999915,-0.8184866592568314,0.018100292772861775,0.8083880740374748,-0.8841662608929591,0.020383928769908487,0.8637363496274394
6.016699999999915,-0.8008082862941582,-0.014208982568383634,0.8295535646688749,-0.8699824046299345,-0.016647104791915165,0.8740098827242155
6.016799999999915,-0.7885574394066752,-0.038697336440120106,0.8437188489999548,-0.8543602732151665,-0.03647765595442502,0.8882976857534689
6.016899999999914,-0.772077683340741,-0.07162263825203057,0.8562576910017956,-0.8373776107545801,-0.07725273786348233,0.9069020623159469
6.016999999999914,-0.7554602274581576,-0.1039618110550996,0.8659152450445843,-0.8166726582639533,-0.10274195265807376,0.9234683224274102
6.017099999999914,-0.7383329048897154,-0.1318329805336583,0.8753228231245103,-0.7952864553230501,-0.13803479417032247,0.9206136279762295
6.017199999999914,-0.7191646835319688,-0.15501044954245183,0.8901665061873392,-0.7759731279943939,-0.1802007574651408,0.9449400707736101
6.0172999999999135,-0.704233107552331,-0.18591642549236773,0.896719679073502,-0.7616036379066587,-0.19765452909696246,0.9511479413785509
6.017399999999913,-0.6783776671399688,-0.215827917138055,0.9079990929006134,-0.7370805863303311,-0.2346485402490269,0.9569928210897359
6.017499999999913,-0.6658832174611004,-0.2441661316859216,0.9165879670000296,-0.7093960298548122,-0.2578145436024862,0.9729054890205793
6.017599999999913,-0.6440052108774466,-0.27070907278221884,0.9275549788475521,-0.6883829604692685,-0.29490557834359643,0.9848888421879378
6.017699999999913,-0.6201188631759712,-0.3002307375283991,0.9291730080652881,-0.6709730593557579,-0.33018674144153115,0.985086048525953
6.017799999999912,-0.5974671380908155,-0.32843098894499484,0.9355368427238003,-0.6360189047096044,-0.35421257769178904,0.9974175564255529
6.017899999999912,-0.5767120480422033,-0.3535723338653234,0.9413396069172412,-0.613924740430479,-0.3756059835719718,0.9946841098560886
6.017999999999912,-0.5528301125047889,-0.37798971772856027,0.9457910189812286,-0.5952764107862545,-0.4076144658713506,0.9988301809940565
6.018099999999912,-0.5249737862065079,-0.4084910367976267,0.9476935983980076,-0.5687187900679642,-0.4436176552298105,1.0013678550371872
6.018199999999911,-0.5029338135352774,-0.4359346687327486,0.9526091954945477,-0.5409178965600866,-0.4687641635513727,1.001886190927254
6.018299999999911,-0.4811574391103959,-0.4649872945027646,0.9536244426098002,-0.5043938659848999,-0.4891481692067151,1.0055964507323942
6.018399999999911,-0.4513979327072444,-0.48050880884406283,0.9545498102896859,-0.49070593674178836,-0.5228269370968481,1.0135367196987919
6.018499999999911,-0.4290831214765045,-0.5094264469736234,0.9552078450881878,-0.45344659283032024,-0.5587095513109216,1.009482049090836
6.0185999999999105,-0.39951438784780713,-0.5316187373699317,0.9511726981274274,-0.4369890548986508,-0.575549482122976,1.0048142890345826
6.01869999999991,-0.3772436695403695,-0.56170559487445,0.949246124890237,-0.40018066493801585,-0.6001954221442899,0.9955226612295923
6.01879999999991,-0.3464221778912269,-0.585258707676239,0.9425081479862599,-0.3752160372295391,-0.6198552050225085,0.9991071499947244
6.01889999999991,-0.3189622516114896,-0.6083538187525883,0.945384956525721,-0.35001116986442943,-0.6510512717083428,0.990549553932081
6.0189999999999095,-0.29011422235779605,-0.6271784306877501,0.9370808829172128,-0.30895907059743233,-0.6844112703113564,0.9925824932175521
6.019099999999909,-0.2647986298123252,-0.6542003028413613,0.9337172156696648,-0.28111303801076243,-0.7056110962949123,0.9855025467899505
6.019199999999909,-0.23431963587526858,-0.6713850525990447,0.9166354777632807,-0.25894033873266065,-0.7309073750217405,0.9677162416162418
6.019299999999909,-0.20868949884880442,-0.6941890675990378,0.9133806202481793,-0.21543962583301188,-0.7473272567282352,0.9571874133086689
6.019399999999909,-0.17671366568101904,-0.7129999034052006,0.9068490219005204,-0.17958653707357258,-0.7617684725207372,0.9541133627688095
6.019499999999908,-0.14973177260793288,-0.733767271308273,0.8943653650408134,-0.16370440667790448,-0.7771019097992179,0.9372296778098527
6.019599999999908,-0.11971189070916415,-0.7524896649498571,0.8861526028029413,-0.1328828807346394,-0.8063709425935812,0.937783075210999
6.019699999999908,-0.08381748539600305,-0.7721040272247282,0.8755941620702214,-0.0985674708394533,-0.8206702354952745,0.9182213172590774
6.019799999999908,-0.05762860557082399,-0.7852752421176858,0.8615738477507372,-0.06031079637201272,-0.8440646408900315,0.8988255625882803
6.019899999999907,-0.02653088981440558,-0.8021850384888364,0.8495855028660688,-0.042817796598028826,-0.8534232357731243,0.8876645647185378
6.019999999999907,0.0019863734539012595,-0.8209929631723845,0.8337695178758731,0.002601692359181293,-0.8715178868745747,0.874100904759177
6.020099999999907,0.03292318264830577,-0.8362010226888016,0.8164493309854878,0.025208805396710998,-0.8947023287255741,0.8511824690793915
6.020199999999907,0.06225174869292829,-0.852274516485444,0.8034348495742467,0.07127506668775953,-0.8998821391216448,0.8359286840952656
6.0202999999999065,0.08791229726540285,-0.8612781785115827,0.7859861242751187,0.10119444872756247,-0.9123380273900473,0.8206950305242484
6.020399999999906,0.12203514394756433,-0.8728782769425172,0.7675169885157165,0.12489288727945712,-0.9284675736278888,0.7960909876997949
6.020499999999906,0.15397198620524863,-0.887615903539359,0.7467155765149348,0.1535715482827441,-0.9366584065480807,0.7828720342848516
6.020599999999906,0.1837241471447757,-0.8928326417877528,0.729713464265206,0.18671750230247505,-0.9484254750581975,0.7589274319875116
6.020699999999906,0.21091677312913165,-0.9096460218180843,0.7089054816715864,0.22014098261363074,-0.9638208479906646,0.7361084201984606
6.020799999999905,0.2378003588270064,-0.9125476111061902,0.6928251803842195,0.24388539999278452,-0.9828251604254433,0.7147113685195697
6.020899999999905,0.2685439613851135,-0.92622011148003,0.6696292877193524,0.281366374906744,-0.9796331145320946,0.6950369916150485
6.020999999999905,0.2931654509971587,-0.9289116467885764,0.6433894698388197,0.30748735676574956,-0.9875717469038384,0.6613948195313819
6.021099999999905,0.32373279330385635,-0.9367391307948728,0.6272598439850073,0.3440121281472764,-0.9996088481594002,0.6482090587735791
6.021199999999904,0.35131416391012726,-0.9421186858114814,0.6021551657984191,0.3694966864269837,-1.0006897076317776,0.6162918764547075
6.021299999999904,0.37775371325396623,-0.9468121280604916,0.5760828166574159,0.39438273786123657,-0.9972548093072039,0.5992208148392572
6.021399999999904,0.4067091454349447,-0.951078035748105,0.5512349848188671,0.42927433746656396,-1.0030854670631928,0.564680320197183
6.021499999999904,0.4330111353067812,-0.9527329223232395,0.5249248132997218,0.453624669355254,-0.9957629088194899,0.5431894630185394
6.0215999999999035,0.45971511898646866,-0.9527056566629718,0.502059504787997,0.4915342614017021,-1.0155729392071038,0.5161127527922427
6.021699999999903,0.48840888237695473,-0.9564939370735228,0.4754167130419965,0.5188382117795888,-1.0140748304552216,0.48781992024319676
6.021799999999903,0.513025712832105,-0.9556281095822605,0.44714600622428874,0.5344463021727683,-0.9992012996262064,0.46345190673024617
6.021899999999903,0.5378229131296218,-0.9527101217102056,0.42006210982373304,0.562949688890998,-1.0151659267004716,0.4435315756148737
6.0219999999999025,0.5597846907805599,-0.9533389518702506,0.39297593191595065,0.5952409253996191,-1.0015950224660244,0.40786564870790415
6.022099999999902,0.5802456166436669,-0.9502400723223873,0.36734679633235884,0.6194937836635822,-1.0020800199349,0.37777385804121183
6.022199999999902,0.6099439499388649,-0.9441487340643523,0.3359104685387397,0.6398860512652644,-0.9868811772715592,0.3528931499516087
6.022299999999902,0.6331571831978774,-0.9362911549082026,0.3111310604706534,0.6619481349473486,-0.9858158214250613,0.3185781477176812
6.022399999999902,0.6568086774207975,-0.9313102547427495,0.28197208815233404,0.6863700333998901,-0.9755318575927998,0.2901848204870873
6.022499999999901,0.6776775047907142,-0.924949683864726,0.24613706038478236,0.7193360510489288,-0.9655696162291937,0.24783878166950768
6.022599999999901,0.6960675014519113,-0.9174948221953464,0.22089896333578662,0.7261499782756254,-0.9653037778034834,0.2275940991104841
6.022699999999901,0.7196721920636248,-0.9077233128473231,0.19273853891393122,0.7527315158821137,-0.9512309127278459,0.1977008279536686
6.022799999999901,0.7345187152836338,-0.9027644967292642,0.1619788226770742,0.7733540814121146,-0.9473495558529825,0.16432143192927712
6.0228999999999004,0.7566841469562077,-0.889116165245638,0.12885316875063957,0.7987150930319032,-0.9249267082227135,0.14479619921355405
6.0229999999999,0.7777736308321334,-0.8804817053504551,0.10279505826425761,0.8139208692901434,-0.9190909280685798,0.10512746495876399
6.0230999999999,0.7899106188765497,-0.8640469505989404,0.07350451666269468,0.8284323081908238,-0.9101097334848021,0.07624037913594328
6.0231999999999,0.8087879574546566,-0.8504732766044465,0.038061261037308475,0.8436805539325187,-0.887609662689817,0.042781936959137075
6.0232999999998995,0.8227305220741281,-0.8369694514092506,0.0071924290838146,0.8654680023642416,-0.8827200099549685,0.010065827406291954
6.023399999999899,0.836539751011213,-0.8220182792203083,-0.02023474862804137,0.8846016156287757,-0.8543367600972447,-0.014305282033473386
6.023499999999899,0.8523104901325244,-0.8063438099892695,-0.05407763640506399,0.9065289754145167,-0.8430131785087434,-0.05190791366367038
6.023599999999899,0.8681907879268366,-0.7863848335915912,-0.08193615457236855,0.9105211270769747,-0.8264679756014867,-0.08619502803230014
6.023699999999899,0.8815405507094085,-0.7721365821581846,-0.1125975618818337,0.9196341963134217,-0.8085239172390025,-0.12069170864543063
6.023799999999898,0.8961019796130927,-0.7511241616041148,-0.1436274289719716,0.9436253730332391,-0.7969124812761597,-0.1406612204245676
6.023899999999898,0.904444648573766,-0.7370198156054842,-0.17317271504590265,0.9478648255600632,-0.7648637992007098,-0.1805443983119728
6.023999999999898,0.911984725136136,-0.7145036749911027,-0.19967059576602608,0.959163342501713,-0.7455505559663858,-0.2005008575270803
6.024099999999898,0.919304291166506,-0.6955229776610384,-0.2365171224669922,0.9626715115538795,-0.7154566828381269,-0.23546147584038424
6.024199999999897,0.9317197781911701,-0.6713270907419672,-0.26541953973462756,0.9711567895122636,-0.7069010688056777,-0.2747244614447904
6.024299999999897,0.9376074873666693,-0.653959729767426,-0.2941661735115108,0.9796035041454879,-0.6762254505037492,-0.2875685174738326
6.024399999999897,0.9448555455335854,-0.6314589373004813,-0.32127650070183544,0.9935100426190743,-0.6607515468347059,-0.32991247536101914
6.024499999999897,0.9544493965062372,-0.6033946423012511,-0.34637463985590894,0.9920070939822802,-0.6271248317996507,-0.3513148614661876
6.0245999999998965,0.9546759233781031,-0.5813857213237877,-0.3754860116018304,0.9950168033655375,-0.6101511476028241,-0.3974084080012573
6.024699999999896,0.9616927001075806,-0.554781977390761,-0.40694274781978673,1.0000077299847945,-0.575911504611256,-0.4211539432230531
6.024799999999896,0.9622074218262933,-0.5349759858000849,-0.43587760249168533,0.9948414581995274,-0.565353554100937,-0.4368794997356156
6.024899999999896,0.9644959266070102,-0.5086939747742961,-0.4654753366338995,1.002469893273699,-0.5349011132394648,-0.4688379994064695
6.0249999999998956,0.9669135963487503,-0.48266630025897195,-0.48738296931281416,1.0048565190676595,-0.4955276489969025,-0.5056721187133884
6.025099999999895,0.9659785376616434,-0.45434997518704345,-0.5152838614683147,1.0026239218650053,-0.4732109662819468,-0.5297246830963334
6.025199999999895,0.9645961626402327,-0.4308440915991418,-0.5382385263827727,0.9962622460876823,-0.44435112602718513,-0.5615900492468017
6.025299999999895,0.9667336134652332,-0.39775400024064533,-0.5658547789282803,0.9920678273504732,-0.41765726021011995,-0.5765724858906498
6.025399999999895,0.9590408571002671,-0.3754173059109287,-0.5898940878902453,0.9989087865244151,-0.38803686572392426,-0.6132257492664743
6.025499999999894,0.9572677661115734,-0.3423585973796227,-0.6124586562403807,0.9904786510802941,-0.365580919643727,-0.6343849049169491
6.025599999999894,0.9525534221382826,-0.3194773660896758,-0.6350808320803123,0.9856635309803974,-0.33427209599332797,-0.6646810308153548
6.025699999999894,0.9454459699772964,-0.288415006608036,-0.6583870072681052,0.9728198989460152,-0.3024185118520229,-0.678671822653389
6.025799999999894,0.9400935480543612,-0.2579705824419835,-0.6847113711386871,0.9645401909190509,-0.27052517291503586,-0.7038975690585475
6.0258999999998935,0.93286415578421,-0.2276805656689676,-0.7019965080200101,0.9640061400495156,-0.24709463554920538,-0.7169526642439791
6.025999999999893,0.9248885330618141,-0.2020638708145507,-0.7240958856695253,0.9585133015796113,-0.20678284606837202,-0.7562581040349889
6.026099999999893,0.9153900563104853,-0.16695838277086048,-0.7440783029245492,0.9461201129235641,-0.1748613050425946,-0.7586877201725903
6.026199999999893,0.9016213598395685,-0.13864762856428076,-0.7653428509996055,0.9306555000430043,-0.14665640662298363,-0.7914214003621469
6.0262999999998925,0.8886092665998303,-0.10880323884022779,-0.7823770115461846,0.9252264969710912,-0.1163804261724336,-0.8122639837354246
6.026399999999892,0.8771393991224432,-0.0804208285018018,-0.8011630119895844,0.9112095996145729,-0.0845923870605902,-0.8267724207393234
6.026499999999892,0.8634619976035544,-0.05313116086231708,-0.8163183051868391,0.8869569500991079,-0.05114259834483776,-0.8472824051370942
6.026599999999892,0.8498354290541354,-0.01671190725067179,-0.8290180212377094,0.8843959652974729,-0.019735282756401767,-0.8567159435639958
6.026699999999892,0.8364534849036588,0.009936436453201964,-0.8455533545073305,0.864635127372282,0.00909215375364843,-0.8756996230098756
6.026799999999891,0.8227192967519293,0.04253445995494186,-0.8639586400482046,0.8548866151240819,0.04893277913314444,-0.902538641703089
6.026899999999891,0.8026102282745146,0.070357304456188,-0.877760997849544,0.8353086327344006,0.07397016879619285,-0.9037549636460526
6.026999999999891,0.7875557198746549,0.10405051903589665,-0.8930076797992974,0.8171223506795697,0.10552755700498423,-0.921396898947338
6.027099999999891,0.7697726701569014,0.1317470480296893,-0.903528773344746,0.7899688689025937,0.14292898584453725,-0.9317182898014907
6.02719999999989,0.7484364537279137,0.15971270140982788,-0.9201072967474562,0.7709594072811834,0.16794389680095792,-0.9425300622100088
6.02729999999989,0.7326983873086097,0.19097861126933038,-0.9236354271165936,0.7510309863796256,0.1971949457824157,-0.9536879860020868
6.02739999999989,0.7110827207186858,0.2217710484319751,-0.9349300500165396,0.7356651281564668,0.2203436568980021,-0.9580683680607425
6.02749999999989,0.6891249622751686,0.2515077613924925,-0.9421009813101969,0.7039631967372358,0.2594444919456357,-0.98093747280753
6.0275999999998895,0.6644573181099103,0.2802396471690467,-0.9523112783721992,0.6771286489890566,0.2867076591445872,-0.9752363490297329
6.027699999999889,0.6428708642534582,0.3115700178483323,-0.9570318046480671,0.6651925977197836,0.3191880241439193,-0.9884538851949212
6.027799999999889,0.6191434605039217,0.33822557632232825,-0.9635189209431549,0.6392840985341322,0.355323670910089,-0.9950403744735805
6.027899999999889,0.5963400983421793,0.365685193279069,-0.9693010829015358,0.6112269835225977,0.38049162629516375,-0.9988328646903238
6.027999999999889,0.5730382902071881,0.39430454669242915,-0.9744979550953965,0.5886535105378708,0.40483649126670196,-1.0034459074868756
6.028099999999888,0.5460384232144404,0.42312725453783584,-0.9755239158171243,0.5768942512643448,0.44360252205436007,-0.9963152234384854
6.028199999999888,0.5194390228263649,0.44892148819499333,-0.976411908315505,0.541619070583321,0.47285845375906405,-1.0021288192117284
6.028299999999888,0.49618419104292016,0.47399181083381486,-0.9819573054407382,0.5202262149010339,0.4896394842813151,-1.0088384536555774
6.028399999999888,0.46756305783505614,0.5039634319147532,-0.9799811881201083,0.4832933465432621,0.5229237439694892,-1.0078694677803406
6.028499999999887,0.4398478782014179,0.5306421293897955,-0.9826272246403039,0.46136233672625154,0.547649601909377,-0.9942809086291338
6.028599999999887,0.4147627728665708,0.5549230670391738,-0.975960777946856,0.4274411141512195,0.5747683208544956,-1.001367847507337
6.028699999999887,0.3845673591913567,0.5807751607514894,-0.975449620473413,0.40005835170445736,0.6000326312772981,-1.004607847027806
6.028799999999887,0.3549831783773565,0.6011100449107475,-0.969704602588842,0.37092678570041054,0.6302711233119773,-0.9910981630711153
6.0288999999998865,0.32938966969294986,0.6241492295084793,-0.9659395460040524,0.33179843314841806,0.6476781646937624,-0.9835112984306944
6.028999999999886,0.2995761294898658,0.6501887164676069,-0.9583241526949404,0.3169739749825637,0.6653544405782841,-0.9824849143702313
6.029099999999886,0.2742839097539978,0.6770994395586537,-0.9498805794210089,0.29136969267351037,0.6924277969630719,-0.9752762068487385
6.029199999999886,0.24014726624008875,0.6970439842947638,-0.9446433424225624,0.24592807297659694,0.7177157897544516,-0.9707803632367977
6.0292999999998855,0.2107333826635875,0.7160638786106174,-0.9366832482988716,0.21503361173403085,0.7454246481655948,-0.9582614683083377
6.029399999999885,0.18303171122497866,0.7408771149734802,-0.9271695017693262,0.18683791864784732,0.7523983273140437,-0.939908688316133
6.029499999999885,0.15159202917742218,0.75610323772418,-0.9187911006786867,0.16424891811535533,0.7792573889382635,-0.9377611757634741
6.029599999999885,0.11954624980679036,0.7761278301311839,-0.907670929597636,0.12916918104925662,0.8036338702648139,-0.927120052944897
6.029699999999885,0.08719820020662092,0.7960182590158832,-0.8954791292402842,0.09388621151028705,0.8227512630876228,-0.9081924740154179
6.029799999999884,0.05895589754043604,0.8127936239955172,-0.8823013184383215,0.05546502317123771,0.8365761414381793,-0.8918173021670758
6.029899999999884,0.029876982584347945,0.8305190953488484,-0.8683719741239663,0.037826126225751405,0.8535662837648618,-0.8768911043158256
6.029999999999884,0.0029351515690645563,0.845278428705944,-0.8504724472249625,-0.0018581256063300525,0.8682527746259819,-0.8754951298793952
6.030099999999884,-0.03407519654175922,0.8592416730215309,-0.8366209217942936,-0.033088647804582996,0.874975314582564,-0.8488159824915291
6.030199999999883,-0.06384213893456293,0.8754579035669664,-0.8242444059702532,-0.056041623289235426,0.896110016612276,-0.839941316805326
6.030299999999883,-0.09509075643493449,0.8864013208005412,-0.8004913199987558,-0.09059025173242448,0.9190172279286983,-0.817181951441214
6.030399999999883,-0.123272240818635,0.9062697859845958,-0.7866428692391172,-0.12615136143385464,0.9188802844853154,-0.7841842765968322
6.030499999999883,-0.15294448660557478,0.9146709128946588,-0.7656857487987372,-0.15820424350572104,0.9321978119079576,-0.7748999408869371
6.0305999999998825,-0.1867049421409869,0.9274362539130141,-0.7474765357018475,-0.1837109040915956,0.9541958803850809,-0.7553475740808816
6.030699999999882,-0.21456891575963527,0.9331372497888473,-0.7262735297854954,-0.22113261345533686,0.9580171960174759,-0.7454385289794146
6.030799999999882,-0.24460147826488465,0.9430119580474646,-0.7080783174852616,-0.25254178980855574,0.9681934523789578,-0.7144620299288208
6.030899999999882,-0.27433717323275103,0.9516877818430076,-0.681901174778339,-0.28284461042026193,0.9652106839434923,-0.6834399814241165
6.030999999999882,-0.30222345455420024,0.9576139324200609,-0.6569522474935884,-0.31992573490910886,0.9829609956755319,-0.6724115071822423
6.031099999999881,-0.3331852539680371,0.9630291440020583,-0.6354977704615039,-0.33365555935367014,0.9804798274657726,-0.6521618512443719
6.031199999999881,-0.3607523996484231,0.9686565708283584,-0.6133647559043638,-0.37061881314519096,0.9918608766041292,-0.6257471021754035
6.031299999999881,-0.39039617971574003,0.9743886442539524,-0.5885128151398681,-0.4106891748086271,0.9943109895947189,-0.6009937795196443
6.031399999999881,-0.4157725203886751,0.9778311867353658,-0.5639034627073118,-0.42563636409989286,0.9956967197019065,-0.570731094887338
6.03149999999988,-0.44297211317651947,0.976084285219008,-0.5378096702574633,-0.4480606496341108,1.0074266715930476,-0.5506109241510796
6.03159999999988,-0.4724879577926738,0.9814699851389825,-0.514115424225068,-0.4798746775421361,1.0075535919538188,-0.5261217151925354
6.03169999999988,-0.4986271330185393,0.9771568303732321,-0.4836231798057377,-0.514750546620758,1.0070901306942643,-0.4943377568353017
6.03179999999988,-0.526294042326329,0.9777176184860591,-0.4561104710135388,-0.5497512797184642,0.9978409114001482,-0.46825132664221497
6.0318999999998795,-0.547407001291195,0.9789792465834676,-0.4283377032053362,-0.5736242780840354,0.9997794642829767,-0.42969904213625615
6.031999999999879,-0.5735429832313499,0.9740161987548922,-0.39758339179733254,-0.586120002098174,1.0037996084267333,-0.39976037536127496
6.032099999999879,-0.599887355651807,0.9742050007562664,-0.3714761570058074,-0.6185541654646574,0.9897843798483044,-0.38301490250177667
6.032199999999879,-0.6256026834371889,0.9722260979295498,-0.3394027859667191,-0.6449274951677851,0.9900428929089901,-0.3562116659269451
6.0322999999998785,-0.650622469513012,0.9649821666107656,-0.3134153345778192,-0.6676028509354628,0.9782457561039543,-0.31509007483341034
6.032399999999878,-0.6715744143399179,0.9549734898073773,-0.28421120990946885,-0.692128089280684,0.9848489688266054,-0.29032390300194777
6.032499999999878,-0.6927985672078257,0.9489290892273048,-0.25962939262515844,-0.7117125157366109,0.9734809340634619,-0.2703331414103312
6.032599999999878,-0.7098455036948914,0.9388170529563403,-0.22402035438075973,-0.726344509365785,0.95473597077087,-0.22804939639852853
6.032699999999878,-0.7337780338985538,0.931681901067703,-0.19701941235881873,-0.7523851185167305,0.952785553034842,-0.204514551186381
6.032799999999877,-0.7542282519255541,0.9207584485432091,-0.16172274323404984,-0.7776319033849028,0.9357275937537446,-0.16897123786196366
6.032899999999877,-0.7743847900111055,0.9084704738490239,-0.13319494840334994,-0.7942686177502168,0.9338398135264508,-0.1357049979859103
6.032999999999877,-0.791501825339242,0.8990868700993402,-0.10258175399964402,-0.8152487904473349,0.9213536911554526,-0.11550825929476166
6.033099999999877,-0.8116591886423951,0.8846311534910108,-0.07060451771657555,-0.8341314200627007,0.9047300474771819,-0.07068452470131573
6.033199999999876,-0.8300707551395291,0.8688095228287768,-0.040061336375005786,-0.8525870342146601,0.8922142050762463,-0.04135929297879815
6.033299999999876,-0.8423437437511,0.8543550052915153,-0.010179510129843845,-0.8711444887896471,0.8759604075381697,-0.011331421255071649
6.033399999999876,-0.8634339358453916,0.8415197943951286,0.021369843837456205,-0.8837484952630713,0.8565391662077279,0.017265592858898084
6.033499999999876,-0.8715117699420959,0.8227912591931483,0.052475852100693686,-0.9001447236287726,0.8552884819516339,0.04638547235220946
6.0335999999998755,-0.8851140312251565,0.8086093371680592,0.08402354264458549,-0.9117486686152813,0.8250688235999815,0.08903498471242932
6.033699999999875,-0.9035593291727246,0.7893560571394392,0.11454543956592464,-0.9184748591807289,0.8008510806814603,0.10752655163002416
6.033799999999875,-0.918384604606163,0.7714004953073424,0.14779963194039974,-0.9320422297940171,0.7880503776691341,0.14271328253126764
6.033899999999875,-0.9258448311608949,0.7506196318849536,0.1737816233695585,-0.9537789505539703,0.7716504138036911,0.17702362533263055
6.033999999999875,-0.9357569855270009,0.7326616094531724,0.2076629544152179,-0.9584769553934411,0.752774715359209,0.20530608702497602
6.034099999999874,-0.9416560186039143,0.7093026592287437,0.2381035948911588,-0.9667162649975977,0.7299464762517561,0.2386921277104675
6.034199999999874,-0.9552165310276616,0.6900485314726948,0.2685912986571574,-0.9659323384446602,0.7053850810605173,0.27274253819166805
6.034299999999874,-0.9633563800942363,0.6671876455683637,0.2969144001708047,-0.9835443052787723,0.6838681717419247,0.3016431106488135
6.034399999999874,-0.9686926459970632,0.6429001872761828,0.3232245358493194,-0.981236005039627,0.6512926724783978,0.33668304364285523
6.034499999999873,-0.9742550433341648,0.6182983822529894,0.35282330296975933,-0.9934913062745452,0.6349376971103418,0.34635106653711867
6.034599999999873,-0.9753748334908993,0.5970437080406705,0.38598714716673765,-0.9991446696079996,0.6062056987395621,0.395415411961398
6.034699999999873,-0.9794029218400945,0.5680528122428806,0.40802654291938006,-0.9878277647887099,0.5889935369549155,0.4183816936569769
6.034799999999873,-0.9823668113121934,0.5446259234084587,0.44097647024167114,-0.9885388405463745,0.5583867617448766,0.4492719020671532
6.0348999999998725,-0.985855830106702,0.5172867490277396,0.4696241395081391,-0.9967850439855984,0.5323607974111142,0.48158302066715863
6.034999999999872,-0.9838246768677833,0.4953336169307346,0.4940854752362126,-1.002751130907872,0.5005827038223362,0.5063022984944697
6.035099999999872,-0.9880245731955462,0.4579271193632841,0.5224187045020775,-0.9979696151521256,0.47875367434062777,0.5330008893685266
6.035199999999872,-0.9860985418927402,0.43579068950163585,0.5462800672202319,-1.0004707937677113,0.4478201690484091,0.5561933782194135
6.0352999999998715,-0.9786030764433797,0.4097502408455776,0.572384184099548,-1.0049662157545134,0.42075348585635336,0.5809997559157296
6.035399999999871,-0.9781886765934509,0.37957806166061264,0.5980729042733011,-0.9937621717158924,0.3967953896911566,0.6043883745730511
6.035499999999871,-0.9735010803885348,0.34852000664759697,0.6224788344359072,-0.9888204672417243,0.3603788169218291,0.6353354846390917
6.035599999999871,-0.9713441731663169,0.3214162349402242,0.647344116342754,-0.988013801647504,0.3307406970688892,0.6624099789921256
6.035699999999871,-0.9612346459391495,0.29600602657964753,0.6655376355490864,-0.9755676488088265,0.30798575769582437,0.6786929852003724
6.03579999999987,-0.9570339959970385,0.2608688155701957,0.688907024590044,-0.9710723586042469,0.2667201205116826,0.7056489302262489
6.03589999999987,-0.946012797376545,0.23296341272334578,0.7123108925926162,-0.9647270425557669,0.24114919377461627,0.7287185024048171
6.03599999999987,-0.9390869308164688,0.20447753986158113,0.7344495015555369,-0.9579901513147734,0.20790604232056814,0.7428795118574356
6.03609999999987,-0.9316973308838512,0.17217609510947215,0.753336111540234,-0.9460820100173478,0.1715958965509649,0.7630266312663786
6.0361999999998694,-0.9190334139799047,0.14329408005946276,0.7750855554036897,-0.9268324064485326,0.14852756415492196,0.7873680600683388
6.036299999999869,-0.9053208187388115,0.1086162337562501,0.7954814634200421,-0.923777811353599,0.11047759261107108,0.8154306449649821
6.036399999999869,-0.8909609821834898,0.07818529447600124,0.8123634275685683,-0.9206679148358519,0.07718280318689719,0.8347477386348351
6.036499999999869,-0.8808893329753551,0.047742506702593245,0.8277887874161813,-0.8991601726618239,0.06025202256679172,0.8446984309176835
6.0365999999998685,-0.8664158344033901,0.019813829487891087,0.8448119614375376,-0.8800637087845343,0.023647440257087163,0.8533856976630131
6.036699999999868,-0.8504234046941477,-0.011734971855546391,0.8578148339810904,-0.8540308634555412,-0.009569158886312821,0.8687516108891662
6.036799999999868,-0.833443912461944,-0.040601996058486516,0.8770293880002952,-0.8486198774033894,-0.036940547350146555,0.8939896862577228
6.036899999999868,-0.8180053815139195,-0.07477364389674482,0.8896854433241289,-0.8381269291197551,-0.07210671929053314,0.9098441415830179
6.036999999999868,-0.800830464986967,-0.10236626738076715,0.9047405200730645,-0.8106175855974269,-0.10310449796391605,0.9187872963878245
6.037099999999867,-0.7794255026301279,-0.13636391628152472,0.9152158542300974,-0.7902992772139785,-0.12777454915368072,0.9278459313428423
6.037199999999867,-0.7594401369251438,-0.164562230648091,0.9262872489235795,-0.7810265313611535,-0.16289560883916632,0.93919918843599
6.037299999999867,-0.7404058911909553,-0.19345672771097658,0.9378946786598904,-0.7540039007836521,-0.19375722262129363,0.9544057271119408
6.037399999999867,-0.7197605584611761,-0.2251209999300762,0.9437538113565691,-0.7280715898756942,-0.23379532162402442,0.9639251046810312
6.037499999999866,-0.6996196207192483,-0.2535889490444513,0.9532044252921159,-0.7109122849703671,-0.2669678859036656,0.9634076964271848
6.037599999999866,-0.6764057598748566,-0.28044709449738614,0.9670737075028161,-0.6903533525987112,-0.29539200243609576,0.9875705664057356
6.037699999999866,-0.6532665939738231,-0.31605079123858854,0.966171750997511,-0.663760735991464,-0.31502304994424435,0.9830593234031526
6.037799999999866,-0.6277593064661704,-0.3435675064697117,0.9749766598361184,-0.6365697230437417,-0.3529430074233062,0.9976672581428789
6.0378999999998655,-0.6051860426605971,-0.37322078257497265,0.9780535297418865,-0.6158310375594843,-0.37655470914484773,0.9897815605597623
6.037999999999865,-0.5807346501813903,-0.39907418747379153,0.9867697119563053,-0.5915729541882927,-0.4126524884902079,0.9988639861578217
6.038099999999865,-0.5550213888660548,-0.43213339316190136,0.9931051565225506,-0.5601983416683282,-0.43417300652139046,0.9984372962411449
6.038199999999865,-0.530565089355409,-0.4555069367543538,0.9924149377962196,-0.5371966507858372,-0.4591922890293893,1.005616411670296
6.0382999999998646,-0.5021496139056945,-0.4839292018043851,0.9949670714440519,-0.5075732506958387,-0.4892545037910063,1.0005998713631705
6.038399999999864,-0.4753590055569923,-0.5136346477625127,0.9917389540619225,-0.4864961148708513,-0.5215948230915717,1.0028983821041066
6.038499999999864,-0.4450581401880151,-0.5351455438542829,0.9883719317066404,-0.463950638193129,-0.5387967989081943,0.9978408953843731
6.038599999999864,-0.41784169933629395,-0.5675951473687632,0.9923471748326352,-0.423571206802368,-0.5739047586276258,1.0008611358700812
6.038699999999864,-0.3905705971696525,-0.587792653946602,0.9860277301220988,-0.39571303042911765,-0.5900571181503783,0.9956493973589557
6.038799999999863,-0.36477504250726095,-0.6126896525869393,0.9811938228946959,-0.36242646719745103,-0.6285637412503285,0.9946868306334583
6.038899999999863,-0.33530074553176403,-0.6363076957271577,0.9746496643693082,-0.34661568846752383,-0.645027675620536,0.977133359447445
6.038999999999863,-0.3046139195583586,-0.6594514948810287,0.9709327077374494,-0.31451069005566634,-0.6644000482913219,0.9906569212222186
6.039099999999863,-0.2726087889811357,-0.685081138505651,0.9648714690462621,-0.27615222334843814,-0.6996841228974522,0.9778408826874055
6.0391999999998625,-0.24576363725531775,-0.7020485156120304,0.9556744785429805,-0.24842871989819387,-0.7118184886219454,0.9632551517448907
6.039299999999862,-0.21364881834717125,-0.7315029685272296,0.9461620960564486,-0.22230482002477656,-0.7394565032342051,0.9589094358705638
6.039399999999862,-0.18380321590865725,-0.747947246064492,0.9367113919872774,-0.1915327184891509,-0.758439090659283,0.9521038382775192
6.039499999999862,-0.1506201667073065,-0.7690727428168443,0.9282235252883599,-0.153118653197388,-0.7809168655379151,0.9479063940612638
6.0395999999998615,-0.1252513241906064,-0.7853332621017551,0.91717970728929,-0.12975030608306998,-0.7984213851988917,0.9294226859840578
6.039699999999861,-0.08959846237186388,-0.8078784960164012,0.9043514637099621,-0.08261137149440706,-0.8162913995920561,0.9043368359997378
6.039799999999861,-0.05965720339993931,-0.821823915879971,0.8957010690661915,-0.06596664539357441,-0.833949621476184,0.893046473422805
6.039899999999861,-0.0298162651173335,-0.8405155425824018,0.876157830094279,-0.03204690781818031,-0.8424469596772375,0.8889484840401813
